K: 1

Centroids:
[1.2475610683736795e-16 -4.536585703177016e-16 6.993902959064568e-16 1.3987805918129136e-16 -3.6292685625416133e-16 -1.1341464257942541e-17 2.4573172558875506e-17 -1.8240855014857587e-16 8.128049384858821e-17 -1.1908537470839668e-16]

K: 2

Centroids:
[0.7208952262303351 0.7259465662473654 0.6427119135850151 0.7347567888728797 0.7022338243887114 0.7194205534703878 0.7180318178652926 0.29587606946709777 0.2943019207416168 -0.595880626630453
 -0.8518529777161702 -0.8578219436329882 -0.759466892663428 -0.8682326303802566 -0.829801547565536 -0.8501104160567093 -0.8484694028866719 -0.3496248853366261 -0.3477647769181266 0.7041282390131187]

K: 4

Centroids:
[1.2321149028886156 1.23047476584383 1.193219285709637 1.5881051235513843 1.534635137035756 1.544749016233689 1.5203020284888593 0.309754746498274 0.3350370358220187 -0.6505041599515623
 0.27402829279228474 0.28910894028054596 0.22801204911538717 0.1282598607379355 0.08729042497999807 0.15519300434791042 0.15434066642156263 -0.7571718051226817 1.4845932418823131 -0.6914102799853198
 0.30730082136916187 0.30845190772778475 0.22262715196906385 0.14026641845822996 0.14061089458913933 0.12579114898678947 0.14988345395193564 0.9747352604223127 -0.6734059832668036 -0.33584097512387395
 -1.0968542468690965 -1.1073072009409581 -0.9697046136100508 -1.0317030760199686 -0.9765438783863837 -1.0147353707863644 -1.0231057907559826 -0.516274617394989 -0.5811231216650321 1.1067013166548103]

K: 8

Centroids:
[0.17320813741620084 0.18185094264733562 0.12175248082918431 -0.004423247640927083 -0.027049127715349196 -0.01667444138322743 0.02592368911934962 1.3203528776920426 -0.6734059832668037 -0.6914102799853198
 0.7449339225268417 0.7551997584336955 0.628990185379647 0.6919837328016616 0.6402394401167611 0.7034806095540683 0.6915807303642895 -0.757171805122682 1.4845932418823165 -0.6914102799853198
 -1.169492132032646 -1.1594397660248774 -0.9536108168706225 -1.0622099978170183 -1.041474216370734 -1.0334254545842287 -1.01977276869215 1.3203528776920384 -0.6734059832668037 -0.6914102799853198
 -0.3070885622930233 -0.2846743709881371 -0.22120129188326748 -0.4672353118924486 -0.5022134455199485 -0.4270463166071682 -0.4148203544732491 -0.7571718051226826 1.4845932418823133 -0.6914102799853198
 1.4781577947715738 1.4786827480178981 1.539281133234856 2.1367111008906012 2.104970479863687 2.070239911117433 2.0054989572398774 -0.05853518612304309 0.730248379993906 -0.6630384467318177
 -1.5490272566627656 -1.5541053311879365 -1.3378958302795723 -1.2757481102371708 -1.2101432117195317 -1.2487429672922135 -1.278324462917932 -0.757171805122682 -0.6517538171281838 1.4244895609581354
 0.9252722526679644 0.92592318784415 0.8093928575123048 1.001596019246826 0.9916615315938028 0.9747462835966473 0.9404184869501993 1.284940525144064 -0.6734059832668036 -0.6549782668302546
 -0.11056019897241225 -0.14304659067419062 -0.21106385428364638 -0.40264361840678214 -0.358170268158291 -0.41873935178635596 -0.3763207917182669 -0.7571718051226821 -0.6734059832668037 1.4459344917785082]

K: 16

Centroids:
[0.4693338003731272 0.4766965354581774 0.38098449605885376 0.2976668587837185 0.2789984517779476 0.2662501069835115 0.32929845647746475 1.3203528776920403 -0.6734059832668037 -0.6914102799853198
 0.9647926238908445 0.9805653311314111 0.862383630269552 1.0136246431513838 0.949613572490472 1.0433702203497877 0.9957141889607771 -0.757171805122683 1.4845932418823118 -0.6914102799853198
 0.07888953521325708 0.09152213120542699 0.004112142058054903 -0.10217014973403808 -0.1499265349705563 -0.09989592335885697 -0.06949295598794092 1.3203528776920386 -0.6734059832668037 -0.6914102799853198
 0.5240305576456096 0.529831281715688 0.40151436534535645 0.37952472638895424 0.33893704959976984 0.37215663240617475 0.3944094581357743 -0.7571718051226829 1.4845932418823116 -0.6914102799853198
 1.663509487225714 1.6471801165383029 1.7041054336419073 2.6683415033828672 2.8232975494052606 2.5252253840563057 2.282749057594421 1.3203528776920384 -0.6734059832668037 -0.6914102799853198
 -1.2496277508463371 -1.2499616258108852 -1.0082974063858314 -1.1588727835899324 -1.1483175295900994 -1.1204176823935503 -1.1174049295450355 1.3203528776920384 -0.6734059832668037 -0.6914102799853198
 1.204573050132666 1.1934684266532942 1.1407577545132848 1.540818821542861 1.474330042992739 1.5100987926110523 1.507560533443953 1.2828072508941817 -0.6734059832668038 -0.6527835672426
 -0.4267232951324066 -0.40979971845524 -0.3779227776115704 -0.5976519126112299 -0.5762787580175033 -0.5891739123969055 -0.5652822582558776 1.320352877692038 -0.6734059832668037 -0.6914102799853198
 -1.8291977313892318 -1.827648082610529 -1.5387640654145913 -1.3899053397221932 -1.3230095470712533 -1.3511501115252835 -1.3938712415187975 -0.7571718051226826 -0.6734059832668036 1.4459344917785113
 -0.05689661674765389 -0.04013623449155369 -0.010977926337268937 -0.2711146359576658 -0.3259642741637088 -0.22485521088903024 -0.20671024015784828 -0.7571718051226836 1.484593241882313 -0.6914102799853199
 1.4133644339192015 1.4248733711030837 1.4914504955587664 1.9401380692531658 1.8222859212438254 1.9026725405227582 1.9005260385935712 -0.7571718051226844 1.4845932418823147 -0.6914102799853198
 0.2620647713709768 0.22793010202461605 0.11755681334772929 -0.0502664389776835 -0.02074624134488116 -0.076488409798432 -0.0056947422797996574 -0.757171805122683 -0.6734059832668038 1.4459344917785122
 -0.8350185590066491 -0.8056850714714533 -0.6621978656119831 -0.889020937022057 -0.8884676290587624 -0.8476931512739341 -0.8538318100398675 -0.7571718051226843 1.4845932418823151 -0.6914102799853198
 0.840779859824593 0.8431733138669583 0.7127423466532987 0.8420428119054919 0.8640025269502135 0.8160848346907549 0.7602747948690771 1.3203528776920406 -0.6734059832668037 -0.6914102799853197
 -0.642560693892513 -0.6694906011099606 -0.6596931638947383 -0.833577544444334 -0.7732002757671987 -0.836680279827388 -0.8281704739092938 -0.7571718051226822 -0.6734059832668037 1.4459344917785093
 -2.2188811878686545 -2.1952454329669377 -1.7181275160735958 -1.5082037538889168 -1.4592992007902024 -1.459503240355195 -1.508208222300761 1.3203528776920384 -0.6734059832668037 -0.6914102799853198]

