K: 1

Centroids:
[1.2475610683736795e-16 -4.536585703177016e-16 6.993902959064568e-16 1.3987805918129136e-16 -3.6292685625416133e-16 -1.1341464257942541e-17 2.4573172558875506e-17 -1.8240855014857587e-16 8.128049384858821e-17 -1.1908537470839668e-16]

Cluster 1
Mean:[1.2475610683736795e-16 -4.536585703177016e-16 6.993902959064568e-16 1.3987805918129136e-16 -3.6292685625416133e-16 -1.1341464257942541e-17 2.4573172558875506e-17 -1.8240855014857587e-16 8.128049384858821e-17 -1.1908537470839668e-16]

Std:[1.0000000000000002 1.0 0.999999999999999 1.0000000000000002 1.0000000000000002 0.9999999999999998 0.9999999999999998 0.9999999999999997 1.000000000000002 1.0000000000000004]

K: 2

Centroids:
[0.7208952262303351 0.7259465662473654 0.6427119135850151 0.7347567888728797 0.7022338243887114 0.7194205534703878 0.7180318178652926 0.29587606946709777 0.2943019207416168 -0.595880626630453
 -0.8518529777161702 -0.8578219436329882 -0.759466892663428 -0.8682326303802566 -0.829801547565536 -0.8501104160567093 -0.8484694028866719 -0.3496248853366261 -0.3477647769181266 0.7041282390131187]

Cluster 1
Mean:[0.7208952262303351 0.7259465662473654 0.6427119135850151 0.7347567888728797 0.7022338243887114 0.7194205534703878 0.7180318178652926 0.29587606946709777 0.2943019207416168 -0.595880626630453]

Std:[0.46906391354442944 0.46838327178605926 0.7758701267297563 0.7165758320664698 0.7815169146364612 0.7490490267344033 0.7385284318807187 1.0389192748629648 1.073508426291624 0.44175755800434663]

Cluster 2
Mean:[-0.8518529777161702 -0.8578219436329882 -0.759466892663428 -0.8682326303802566 -0.829801547565536 -0.8501104160567093 -0.8484694028866719 -0.3496248853366261 -0.3477647769181266 0.7041282390131187]

Std:[0.7627612333370847 0.7508040096677564 0.6367312935785869 0.4277337710189552 0.43420873968666174 0.429229873634798 0.45594123249852125 0.8252208966179085 0.7726822026667352 1.0177526084258617]

K: 4

Centroids:
[1.2321149028886156 1.23047476584383 1.193219285709637 1.5881051235513843 1.534635137035756 1.544749016233689 1.5203020284888593 0.309754746498274 0.3350370358220187 -0.6505041599515623
 0.27402829279228474 0.28910894028054596 0.22801204911538717 0.1282598607379355 0.08729042497999807 0.15519300434791042 0.15434066642156263 -0.7571718051226817 1.4845932418823131 -0.6914102799853198
 0.30730082136916187 0.30845190772778475 0.22262715196906385 0.14026641845822996 0.14061089458913933 0.12579114898678947 0.14988345395193564 0.9747352604223127 -0.6734059832668036 -0.33584097512387395
 -1.0968542468690965 -1.1073072009409581 -0.9697046136100508 -1.0317030760199686 -0.9765438783863837 -1.0147353707863644 -1.0231057907559826 -0.516274617394989 -0.5811231216650321 1.1067013166548103]

Cluster 1
Mean:[1.2321149028886156 1.23047476584383 1.193219285709637 1.5881051235513843 1.534635137035756 1.544749016233689 1.5203020284888593 0.309754746498274 0.3350370358220187 -0.6505041599515623]

Std:[0.3144731252101413 0.326677246057901 1.0409407801407298 0.5779852776224018 0.7252493489999348 0.6506874765235275 0.6818484933017067 1.0392095061566051 1.0775499000842732 0.2930770605442037]

Cluster 2
Mean:[0.27402829279228474 0.28910894028054596 0.22801204911538717 0.1282598607379355 0.08729042497999807 0.15519300434791042 0.15434066642156263 -0.7571718051226817 1.4845932418823131 -0.6914102799853198]

Std:[0.5091780725516084 0.5079547794883257 0.5285015625351559 0.5375701229637165 0.5818852196847744 0.578526750343512 0.5575078806818519 2.7772351425933982e-15 8.887152456298875e-16 1.1108940570373594e-16]

Cluster 3
Mean:[0.30730082136916187 0.30845190772778475 0.22262715196906385 0.14026641845822996 0.14061089458913933 0.12579114898678947 0.14988345395193564 0.9747352604223127 -0.6734059832668036 -0.33584097512387395]

Std:[0.43925246027056947 0.4367483195929235 0.4904059340116013 0.4595543751019731 0.524076662030324 0.4965877012269419 0.48662843584368987 0.7740337606883527 1.1107335893909929e-16 0.7963212303858276]

Cluster 4
Mean:[-1.0968542468690965 -1.1073072009409581 -0.9697046136100508 -1.0317030760199686 -0.9765438783863837 -1.0147353707863644 -1.0231057907559826 -0.516274617394989 -0.5811231216650321 1.1067013166548103]

Std:[0.7548060943691264 0.7356041016985531 0.6113901085547424 0.3736467561844265 0.3913380294614122 0.3659065315336273 0.3915815835065884 0.6654341028981324 0.43679184354098494 0.7813329294043401]

K: 8

Centroids:
[0.17320813741620084 0.18185094264733562 0.12175248082918431 -0.004423247640927083 -0.027049127715349196 -0.01667444138322743 0.02592368911934962 1.3203528776920426 -0.6734059832668037 -0.6914102799853198
 0.7449339225268417 0.7551997584336955 0.628990185379647 0.6919837328016616 0.6402394401167611 0.7034806095540683 0.6915807303642895 -0.757171805122682 1.4845932418823165 -0.6914102799853198
 -1.169492132032646 -1.1594397660248774 -0.9536108168706225 -1.0622099978170183 -1.041474216370734 -1.0334254545842287 -1.01977276869215 1.3203528776920384 -0.6734059832668037 -0.6914102799853198
 -0.3070885622930233 -0.2846743709881371 -0.22120129188326748 -0.4672353118924486 -0.5022134455199485 -0.4270463166071682 -0.4148203544732491 -0.7571718051226826 1.4845932418823133 -0.6914102799853198
 1.4781577947715738 1.4786827480178981 1.539281133234856 2.1367111008906012 2.104970479863687 2.070239911117433 2.0054989572398774 -0.05853518612304309 0.730248379993906 -0.6630384467318177
 -1.5490272566627656 -1.5541053311879365 -1.3378958302795723 -1.2757481102371708 -1.2101432117195317 -1.2487429672922135 -1.278324462917932 -0.757171805122682 -0.6517538171281838 1.4244895609581354
 0.9252722526679644 0.92592318784415 0.8093928575123048 1.001596019246826 0.9916615315938028 0.9747462835966473 0.9404184869501993 1.284940525144064 -0.6734059832668036 -0.6549782668302546
 -0.11056019897241225 -0.14304659067419062 -0.21106385428364638 -0.40264361840678214 -0.358170268158291 -0.41873935178635596 -0.3763207917182669 -0.7571718051226821 -0.6734059832668037 1.4459344917785082]

Cluster 1
Mean:[0.17320813741620084 0.18185094264733562 0.12175248082918431 -0.004423247640927083 -0.027049127715349196 -0.01667444138322743 0.02592368911934962 1.3203528776920426 -0.6734059832668037 -0.6914102799853198]

Std:[0.326047509859053 0.32457091582204634 0.4268749907882113 0.306222890674854 0.37662560873312023 0.34288445556220926 0.3992578579679242 4.000389074108372e-15 0.0 1.1112191872523257e-16]

Cluster 2
Mean:[0.7449339225268417 0.7551997584336955 0.628990185379647 0.6919837328016616 0.6402394401167611 0.7034806095540683 0.6915807303642895 -0.757171805122682 1.4845932418823165 -0.6914102799853198]

Std:[0.30062967742942587 0.3116611790662725 0.45658413390826574 0.3839754183378973 0.4585518343481979 0.48030441381085404 0.4745354656878945 2.444495160589191e-15 2.444495160589191e-15 1.1111341639041776e-16]

Cluster 3
Mean:[-1.169492132032646 -1.1594397660248774 -0.9536108168706225 -1.0622099978170183 -1.041474216370734 -1.0334254545842287 -1.01977276869215 1.3203528776920384 -0.6734059832668037 -0.6914102799853198]

Std:[0.6419681350188021 0.63742241243216 0.526524318002407 0.3065845957675985 0.3137922936923815 0.30412076143983696 0.3370459544325666 2.2255800354085776e-16 0.0 1.1127900177042888e-16]

Cluster 4
Mean:[-0.3070885622930233 -0.2846743709881371 -0.22120129188326748 -0.4672353118924486 -0.5022134455199485 -0.4270463166071682 -0.4148203544732491 -0.7571718051226826 1.4845932418823133 -0.6914102799853198]

Std:[0.45735703920495413 0.4526736830778951 0.47474458839424266 0.36892352776743037 0.38710380756219104 0.398981673171646 0.40506119260543133 1.8896850427127844e-15 6.669476621339239e-16 1.1115794368898732e-16]

Cluster 5
Mean:[1.4781577947715738 1.4786827480178981 1.539281133234856 2.1367111008906012 2.104970479863687 2.070239911117433 2.0054989572398774 -0.05853518612304309 0.730248379993906 -0.6630384467318177]

Std:[0.322821118912548 0.32329957073775034 1.6043672756302443 0.5767276945142459 0.8063252598671069 0.659390669385802 0.7281870404063662 0.9836784096068455 1.031283380033957 0.24515579492549774]

Cluster 6
Mean:[-1.5490272566627656 -1.5541053311879365 -1.3378958302795723 -1.2757481102371708 -1.2101432117195317 -1.2487429672922135 -1.278324462917932 -0.757171805122682 -0.6517538171281838 1.4244895609581354]

Std:[0.5998918483199911 0.5787813921781486 0.48049130664485373 0.21225471074596544 0.2447583605454189 0.2049441810906492 0.22830612481944987 2.4445354353239036e-15 0.21525339276169297 0.21319317832092324]

Cluster 7
Mean:[0.9252722526679644 0.92592318784415 0.8093928575123048 1.001596019246826 0.9916615315938028 0.9747462835966473 0.9404184869501993 1.284940525144064 -0.6734059832668036 -0.6549782668302546]

Std:[0.2680214957766321 0.26711975572055324 0.4221040614737175 0.39018713369381647 0.4710947183081305 0.48235186408352304 0.52661526379666 0.2691713651129071 1.1112758679386835e-16 0.27692186508857514]

Cluster 8
Mean:[-0.11056019897241225 -0.14304659067419062 -0.21106385428364638 -0.40264361840678214 -0.358170268158291 -0.41873935178635596 -0.3763207917182669 -0.7571718051226821 -0.6734059832668037 1.4459344917785082]

Std:[0.4321679089310383 0.4291658639581654 0.444202656921475 0.39969548708678054 0.41508717206656603 0.4101352636459482 0.43516622827555723 2.3333754836077655e-15 0.0 1.7778098922725832e-15]

K: 16

Centroids:
[0.4693338003731272 0.4766965354581774 0.38098449605885376 0.2976668587837185 0.2789984517779476 0.2662501069835115 0.32929845647746475 1.3203528776920403 -0.6734059832668037 -0.6914102799853198
 0.9647926238908445 0.9805653311314111 0.862383630269552 1.0136246431513838 0.949613572490472 1.0433702203497877 0.9957141889607771 -0.757171805122683 1.4845932418823118 -0.6914102799853198
 0.07888953521325708 0.09152213120542699 0.004112142058054903 -0.10217014973403808 -0.1499265349705563 -0.09989592335885697 -0.06949295598794092 1.3203528776920386 -0.6734059832668037 -0.6914102799853198
 0.5240305576456096 0.529831281715688 0.40151436534535645 0.37952472638895424 0.33893704959976984 0.37215663240617475 0.3944094581357743 -0.7571718051226829 1.4845932418823116 -0.6914102799853198
 1.663509487225714 1.6471801165383029 1.7041054336419073 2.6683415033828672 2.8232975494052606 2.5252253840563057 2.282749057594421 1.3203528776920384 -0.6734059832668037 -0.6914102799853198
 -1.2496277508463371 -1.2499616258108852 -1.0082974063858314 -1.1588727835899324 -1.1483175295900994 -1.1204176823935503 -1.1174049295450355 1.3203528776920384 -0.6734059832668037 -0.6914102799853198
 1.204573050132666 1.1934684266532942 1.1407577545132848 1.540818821542861 1.474330042992739 1.5100987926110523 1.507560533443953 1.2828072508941817 -0.6734059832668038 -0.6527835672426
 -0.4267232951324066 -0.40979971845524 -0.3779227776115704 -0.5976519126112299 -0.5762787580175033 -0.5891739123969055 -0.5652822582558776 1.320352877692038 -0.6734059832668037 -0.6914102799853198
 -1.8291977313892318 -1.827648082610529 -1.5387640654145913 -1.3899053397221932 -1.3230095470712533 -1.3511501115252835 -1.3938712415187975 -0.7571718051226826 -0.6734059832668036 1.4459344917785113
 -0.05689661674765389 -0.04013623449155369 -0.010977926337268937 -0.2711146359576658 -0.3259642741637088 -0.22485521088903024 -0.20671024015784828 -0.7571718051226836 1.484593241882313 -0.6914102799853199
 1.4133644339192015 1.4248733711030837 1.4914504955587664 1.9401380692531658 1.8222859212438254 1.9026725405227582 1.9005260385935712 -0.7571718051226844 1.4845932418823147 -0.6914102799853198
 0.2620647713709768 0.22793010202461605 0.11755681334772929 -0.0502664389776835 -0.02074624134488116 -0.076488409798432 -0.0056947422797996574 -0.757171805122683 -0.6734059832668038 1.4459344917785122
 -0.8350185590066491 -0.8056850714714533 -0.6621978656119831 -0.889020937022057 -0.8884676290587624 -0.8476931512739341 -0.8538318100398675 -0.7571718051226843 1.4845932418823151 -0.6914102799853198
 0.840779859824593 0.8431733138669583 0.7127423466532987 0.8420428119054919 0.8640025269502135 0.8160848346907549 0.7602747948690771 1.3203528776920406 -0.6734059832668037 -0.6914102799853197
 -0.642560693892513 -0.6694906011099606 -0.6596931638947383 -0.833577544444334 -0.7732002757671987 -0.836680279827388 -0.8281704739092938 -0.7571718051226822 -0.6734059832668037 1.4459344917785093
 -2.2188811878686545 -2.1952454329669377 -1.7181275160735958 -1.5082037538889168 -1.4592992007902024 -1.459503240355195 -1.508208222300761 1.3203528776920384 -0.6734059832668037 -0.6914102799853198]

Cluster 1
Mean:[0.4693338003731272 0.4766965354581774 0.38098449605885376 0.2976668587837185 0.2789984517779476 0.2662501069835115 0.32929845647746475 1.3203528776920403 -0.6734059832668037 -0.6914102799853198]

Std:[0.21001041338510354 0.22459961741450477 0.4001460959748195 0.1681977697234991 0.29830658633672014 0.2706223148620505 0.3221496083301561 1.7793855830137645e-15 0.0 1.1121159893836028e-16]

Cluster 2
Mean:[0.9647926238908445 0.9805653311314111 0.862383630269552 1.0136246431513838 0.949613572490472 1.0433702203497877 0.9957141889607771 -0.757171805122683 1.4845932418823118 -0.6914102799853198]

Std:[0.218279251553211 0.23512921576512005 0.39177428251919133 0.2562111187403428 0.37299949252543385 0.37906159054505006 0.41966688231792 1.4457676847929862e-15 2.2242579766045943e-15 1.112128988302297e-16]

Cluster 3
Mean:[0.07888953521325708 0.09152213120542699 0.004112142058054903 -0.10217014973403808 -0.1499265349705563 -0.09989592335885697 -0.06949295598794092 1.3203528776920386 -0.6734059832668037 -0.6914102799853198]

Std:[0.20489159764944787 0.20757938970400655 0.33189996734690974 0.16386548209851437 0.2745330828381824 0.22329543877953448 0.27870879379798835 0.0 0.0 1.1128139803649654e-16]

Cluster 4
Mean:[0.5240305576456096 0.529831281715688 0.40151436534535645 0.37952472638895424 0.33893704959976984 0.37215663240617475 0.3944094581357743 -0.7571718051226829 1.4845932418823116 -0.6914102799853198]

Std:[0.22031930347153056 0.22269970179100987 0.41181867336966 0.20779763123347358 0.33434989603661575 0.3317569958315059 0.33180578631334 1.5566166274892364e-15 2.4461118431973715e-15 1.1118690196351688e-16]

Cluster 5
Mean:[1.663509487225714 1.6471801165383029 1.7041054336419073 2.6683415033828672 2.8232975494052606 2.5252253840563057 2.282749057594421 1.3203528776920384 -0.6734059832668037 -0.6914102799853198]

Std:[0.2619728130711998 0.2586935774135517 1.011094039175914 0.43614143884489576 0.7270457079745318 0.7028494158210487 0.7237930468302537 2.238572440206372e-16 0.0 1.119286220103186e-16]

Cluster 6
Mean:[-1.2496277508463371 -1.2499616258108852 -1.0082974063858314 -1.1588727835899324 -1.1483175295900994 -1.1204176823935503 -1.1174049295450355 1.3203528776920384 -0.6734059832668037 -0.6914102799853198]

Std:[0.28273458762087955 0.28358320680667676 0.31684146220871673 0.14345773085917793 0.15449914404765855 0.1522345129324957 0.1559982375981944 2.2322256865494654e-16 0.0 1.1161128432747327e-16]

Cluster 7
Mean:[1.204573050132666 1.1934684266532942 1.1407577545132848 1.540818821542861 1.474330042992739 1.5100987926110523 1.507560533443953 1.2828072508941817 -0.6734059832668038 -0.6527835672426]

Std:[0.22132542907585415 0.20434037236228894 0.37907627429469504 0.26225137742557 0.4680763879955057 0.43457436805537225 0.5359797335840184 0.2775905042029327 1.113582254766802e-16 0.2855834242342604]

Cluster 8
Mean:[-0.4267232951324066 -0.40979971845524 -0.3779227776115704 -0.5976519126112299 -0.5762787580175033 -0.5891739123969055 -0.5652822582558776 1.320352877692038 -0.6734059832668037 -0.6914102799853198]

Std:[0.22108040840506832 0.21790808711496104 0.3170828919892024 0.16981566073338175 0.22899802761586144 0.22366144545764194 0.20509210368498673 6.68012898380386e-16 0.0 1.1133548306339766e-16]

Cluster 9
Mean:[-1.8291977313892318 -1.827648082610529 -1.5387640654145913 -1.3899053397221932 -1.3230095470712533 -1.3511501115252835 -1.3938712415187975 -0.7571718051226826 -0.6734059832668036 1.4459344917785113]

Std:[0.5194203668472995 0.49699317171446683 0.43500180827003043 0.14840627781590546 0.20517450719126748 0.15114754417004414 0.16701345904663503 1.8897487336834162e-15 1.1116169021667155e-16 1.3339402826000584e-15]

Cluster 10
Mean:[-0.05689661674765389 -0.04013623449155369 -0.010977926337268937 -0.2711146359576658 -0.3259642741637088 -0.22485521088903024 -0.20671024015784828 -0.7571718051226836 1.484593241882313 -0.6914102799853199]

Std:[0.23599420073858363 0.24401683915628292 0.3618673998929637 0.19832954372099046 0.2730324050323504 0.26833424838477576 0.2655672030532018 8.900116072432484e-16 1.1125145090540605e-15 0.0]

Cluster 11
Mean:[1.4133644339192015 1.4248733711030837 1.4914504955587664 1.9401380692531658 1.8222859212438254 1.9026725405227582 1.9005260385935712 -0.7571718051226844 1.4845932418823147 -0.6914102799853198]

Std:[0.31371980682919554 0.3271725048726088 1.8731213070928048 0.5078897765605157 0.6725181043917469 0.5699487688147128 0.7100008654894262 0.0 6.684112019817397e-16 1.1140186699695662e-16]

Cluster 12
Mean:[0.2620647713709768 0.22793010202461605 0.11755681334772929 -0.0502664389776835 -0.02074624134488116 -0.076488409798432 -0.0056947422797996574 -0.757171805122683 -0.6734059832668038 1.4459344917785122]

Std:[0.32575564392081363 0.3200266576633967 0.3879008087199245 0.3683604506290263 0.39989157369155576 0.38937084321031246 0.39795675703112554 1.4456386559944434e-15 1.112029735380341e-16 2.224059470760682e-15]

Cluster 13
Mean:[-0.8350185590066491 -0.8056850714714533 -0.6621978656119831 -0.889020937022057 -0.8884676290587624 -0.8476931512739341 -0.8538318100398675 -0.7571718051226843 1.4845932418823151 -0.6914102799853198]

Std:[0.39068201642880684 0.3967200571893609 0.3904834410556082 0.2244377612488194 0.23550213772178563 0.2508507152043533 0.24946178371581704 1.1138690870659084e-16 1.1138690870659084e-15 1.1138690870659084e-16]

Cluster 14
Mean:[0.840779859824593 0.8431733138669583 0.7127423466532987 0.8420428119054919 0.8640025269502135 0.8160848346907549 0.7602747948690771 1.3203528776920406 -0.6734059832668037 -0.6914102799853197]

Std:[0.21461419277897464 0.22751716274042913 0.365802652694808 0.21832832816719222 0.3560352733553908 0.3385893377584889 0.37232087021432214 2.0014925543619828e-15 0.0 2.2238806159577583e-16]

Cluster 15
Mean:[-0.642560693892513 -0.6694906011099606 -0.6596931638947383 -0.833577544444334 -0.7732002757671987 -0.836680279827388 -0.8281704739092938 -0.7571718051226822 -0.6734059832668037 1.4459344917785093]

Std:[0.3251435602356324 0.3098767898956674 0.34188920182490057 0.2083863504929948 0.23640796724146987 0.23044472706365393 0.22890451891361213 2.2226434234142093e-15 0.0 6.667930270242628e-16]

Cluster 16
Mean:[-2.2188811878686545 -2.1952454329669377 -1.7181275160735958 -1.5082037538889168 -1.4592992007902024 -1.459503240355195 -1.508208222300761 1.3203528776920384 -0.6734059832668037 -0.6914102799853198]

Std:[0.42838348047862923 0.39989127380836004 0.3995926413802188 0.08948633511672421 0.07868905951039389 0.10552030534493334 0.10888863350739511 2.2494727197818324e-16 0.0 1.1247363598909162e-16]

