abalone.data
Minimum K: 7
ConfusionMatrix: 
  0  1  2  3  4  5  6  7  8  9 10 11 12 13 14 15 16 17 18 19 20 21 22 23 24 25 26 27
  1  0  0  0  0  0  0  0  0  0  0  0  0  0  0  0  0  0  0  0  0  0  0  0  0  0  0  0
  2  0  0  0  0  0  0  0  0  0  0  0  0  0  0  0  0  0  0  0  0  0  0  0  0  0  0  0
  3  0  0  0  1  0  0  0  0  0  0  0  0  0  0  0  0  0  0  0  0  0  0  0  0  0  0  0
  4  0  0  0  0  2  1  0  0  0  0  0  0  0  0  0  0  0  0  0  0  0  0  0  0  0  0  0
  5  0  0  0  2  9  1  2  2  1  0  0  0  0  0  0  0  0  0  0  0  0  0  0  0  0  0  0
  6  0  0  0  0  8  4 15  2  0  0  0  0  0  0  0  0  0  0  0  0  0  0  0  0  0  0  0
  7  0  0  0  0  3  9  9  1  7  0  0  0  2  0  0  0  0  0  0  0  0  0  0  0  0  0  0
  8  0  0  0  0  0  1 11 19  6 11  4  1  0  0  0  0  0  0  0  0  0  0  0  0  0  0  0
  9  0  0  0  0  0  0  6 22 17 20  6 11  0  0  0  0  0  0  0  0  0  0  0  0  0  0  0
 10  0  0  0  0  0  0  2  5 18 12 10  4  2  0  0  0  1  0  0  0  0  0  0  0  0  0  0
 11  0  0  0  0  0  1  0  4  8 14 13  2  2  0  1  0  1  0  0  0  0  0  0  0  0  0  0
 12  0  0  0  0  0  0  1  1  8  4  7  2  1  0  2  0  0  2  0  0  0  0  0  0  0  0  0
 13  0  0  0  0  0  0  0  1  4  7  6  0  1  0  0  0  1  0  0  0  0  0  0  0  0  0  0
 14  0  0  0  0  0  0  0  1  1  5  5  1  1  0  0  0  0  0  0  0  0  0  0  0  0  0  0
 15  0  0  0  0  0  0  0  0  1  3  1  2  0  0  0  1  0  0  0  0  0  0  0  0  0  0  0
 16  0  0  0  0  0  0  0  0  2  1  1  0  2  0  0  0  0  0  0  0  0  0  0  0  0  0  0
 17  0  0  0  0  0  0  0  0  0  2  2  1  2  1  1  0  0  0  0  0  0  0  0  0  0  0  0
 18  0  0  0  0  0  0  0  0  1  1  1  0  0  0  0  0  0  0  0  0  0  0  0  0  0  0  0
 19  0  0  0  0  0  0  0  0  0  2  1  1  1  0  0  0  0  0  0  0  0  0  0  0  0  0  0
 20  0  0  0  0  0  0  0  0  0  1  1  0  1  0  0  0  0  0  1  0  0  0  0  0  0  0  0
 21  0  0  0  0  0  0  0  0  0  0  0  0  0  0  0  0  0  1  0  0  0  0  0  0  0  0  0
 22  0  0  0  0  0  0  0  0  0  0  0  0  0  0  0  0  0  0  0  0  0  0  0  0  0  0  0
 23  0  0  0  0  0  0  0  0  0  1  0  0  1  0  0  0  0  0  0  0  0  0  0  0  0  0  0
 24  0  0  0  0  0  0  0  0  0  0  0  0  0  0  0  0  0  0  0  0  0  0  0  0  0  0  0
 25  0  0  0  0  0  0  0  0  0  0  0  0  1  0  0  0  0  0  0  0  0  0  0  0  0  0  0
 26  0  0  0  0  0  0  0  0  0  0  0  0  0  0  0  0  0  0  0  0  0  0  0  0  0  0  0
 27  0  0  0  0  0  0  0  0  0  0  0  0  0  0  0  0  1  0  0  0  0  0  0  0  0  0  0


Seperable.csv
Minimum K: 9
ConfusionMatrix: 
      0      0      1
      0    406     53
      1     32    509


3percent-miscategorization.csv
Minimum K: 9
ConfusionMatrix: 
      0      0      1
      0    429     45
      1     37    489


10percent-miscatergorization.csv
Minimum K: 9
ConfusionMatrix: 
      0      0      1
      0    399     41
      1     24    536


